$ANSIBLE_VAULT;1.1;AES256
62343861333661326662373139663463633234653933333462386361316635366533313665633534
6266663939313436303166363539656535393130363834390a653965663966613338313761396339
39313435656538376339376432613936616135326334393364313662666633633233616430333966
6333653333333764330a323065653232643566663263366437356331323438373537396434343830
63343335653664323365333634636262366237373763353061343465336232353865343764623935
30313731376464643030393939393337636536323232333765343130383462666330653733613330
31383338366631393463343838393732303533613130326138636666613831336437643930373135
30323464333666303764646165356531373738633664323238323939623132656339653036623136
37353836366162623737646532316337356132653065316130396139376165323066663831396566
34383237343734643065323332616264336134316464656335313564396530633530646466623465
36653938353631636430383565656265656565656639323134383761663432376364323137323830
33336133633666303331353730623336353235653738373265646664343537313530623732313961
32636633393831393931626331663166313037353739336361633564386531616536366638666265
30353734333064626534623864336334633735363461666230643564656461323866616164303263
32643064386265396536643366666434383431376231633538363566383733306461316464326263
37323062663766363433656431626430613431653039353865616137666637313235373431623065
33303331653134646435333436653536363165363463346461663533613338356364623061353762
34326661616364303534373832373036653537643139336636313664373566363966363934323062
38666638366566363665353163313837633730383536383035353037636438376239333463373932
65313134316538313436303637333131363562353662313631656664373933316537353235353961
3633
